[[ 24 161]
 [276 251]
 [ 36 250]
 [ 37 296]
 [ 38 285]
 [ 38 177]
 [ 41 266]
 [ 42 250]
 [ 80 176]
 [ 82 239]
 [ 86 203]
 [ 92 164]
 [ 95 227]
 [ 96 214]
 [ 96 214]
 [ 97 203]
 [104 379]
 [101 218]
 [101 359]
 [105 253]
 [105 253]
 [107 246]
 [108 203]
 [109 278]
 [115 149]
 [122 173]
 [122 146]
 [123 267]
 [123 267]
 [123 138]
 [124 152]
 [126  23]
 [127 107]
 [135  14]
 [135  14]
 [137  23]
 [142  91]
 [143   7]
 [143   7]
 [143  49]
 [151   6]
 [158  26]
 [160   5]
 [164 231]
 [166  43]
 [167 363]
 [170  96]
 [171 162]
 [175 377]
 [172 232]
 [172 232]
 [172   5]
 [176 363]
 [177  76]
 [178 377]
 [179  78]
 [186 369]
 [186 369]
 [186 369]
 [186 369]
 [188  94]
 [191 177]
 [196 360]
 [197 178]
 [197 178]
 [200 357]
 [203 379]
 [204 346]
 [208 269]
 [209   4]
 [210 363]
 [267 349]
 [269 294]
 [271 174]
 [270 148]
 [271 242]
 [273 376]
 [275 199]
 [276 174]
 [276 251]
 [278 237]
 [278 206]
 [280 198]
 [279 360]
 [279 360]
 [282 330]
 [283 203]
 [282 169]
 [283 370]
 [285 161]
 [285 257]
 [294 304]
 [296 202]
 [296 271]
 [296 326]
 [296 326]
 [297 378]
 [300 201]
 [300 281]
 [299 341]
 [301 148]
 [301 304]
 [302 161]
 [304 153]
 [302 316]
 [304 360]
 [304 360]
 [307 297]
 [308 304]
 [309 243]
 [309 243]
 [310 341]
 [311 254]
 [314 322]
 [314 322]
 [315 198]
 [315 304]
 [322 360]
 [325 373]
 [325 345]
 [325 345]
 [329 376]
 [329 346]
 [330 286]
 [331 271]
 [331 271]
 [332 319]
 [332 366]
 [335 337]
 [337 201]
 [338 330]
 [338 372]
 [337 201]
 [337 230]
 [337 343]
 [340 263]
 [339 286]
 [340 339]
 [341 286]
 [340 271]
 [340 297]
 [341 322]
 [342 337]
 [344 263]
 [353 324]
 [344 276]
 [345 331]
 [345 256]
 [348 371]
 [346 342]
 [353 308]
 [353 308]
 [359 380]
 [353 342]
 [356 312]
 [428 380]
 [428 380]
 [429 376]
 [447 310]
 [448 377]
 [448 377]
 [462 380]
 [468 277]
 [484 277]
 [474 325]
 [475 288]
 [475 308]
 [476 261]
 [475 308]
 [478 271]
 [484 265]
 [496 221]
 [496 202]
 [496 199]
 [499 251]
 [502 202]
 [502 202]
 [513 147]
 [514 200]
 [526 301]
 [529 292]
 [528 287]
 [529 292]
 [530 287]
 [532 308]
 [541 174]
 [541 150]
 [548 278]
 [549 289]]