[[  4 176]
 [252 198]
 [ 15 176]
 [ 15 283]
 [ 15 283]
 [ 18 150]
 [ 20 176]
 [ 21 149]
 [ 65 133]
 [ 66  18]
 [ 71  13]
 [ 75   5]
 [ 78  91]
 [ 78  91]
 [ 79   6]
 [ 79   6]
 [ 80 209]
 [ 79 369]
 [ 79 369]
 [ 84 365]
 [ 86 121]
 [ 88 296]
 [ 89 361]
 [ 91 182]
 [ 96 177]
 [102 368]
 [103 364]
 [105  71]
 [106  89]
 [108 162]
 [109 232]
 [109 232]
 [113 123]
 [120 361]
 [122  68]
 [122 370]
 [125  94]
 [128 361]
 [128 361]
 [129 178]
 [138 103]
 [144 157]
 [146   4]
 [148  97]
 [149 273]
 [150  21]
 [152 361]
 [155  92]
 [155 167]
 [155  15]
 [155  10]
 [155 363]
 [155   5]
 [156 191]
 [159  15]
 [164  19]
 [169 116]
 [169 116]
 [169 116]
 [169 133]
 [170 364]
 [172  13]
 [175  27]
 [175 361]
 [176 147]
 [177 172]
 [181 277]
 [181 373]
 [187 174]
 [191 344]
 [192 147]
 [246 304]
 [247 148]
 [247 243]
 [247 342]
 [248 263]
 [248 254]
 [252 323]
 [252 323]
 [252 304]
 [253 202]
 [253 337]
 [257  88]
 [254 286]
 [254 373]
 [258 270]
 [258 270]
 [258 345]
 [258 286]
 [260 279]
 [260 297]
 [267 286]
 [269 271]
 [269 366]
 [272 337]
 [272 337]
 [273 249]
 [275 201]
 [275 201]
 [274 230]
 [275 330]
 [276 286]
 [277 264]
 [277 277]
 [277 339]
 [278 271]
 [278 297]
 [279 380]
 [281 263]
 [283 244]
 [283 342]
 [284 206]
 [286 329]
 [290 300]
 [290 308]
 [290 342]
 [291 377]
 [299 225]
 [301 306]
 [301 306]
 [301 213]
 [302 151]
 [302 380]
 [304 225]
 [305 202]
 [305 202]
 [306 314]
 [307 255]
 [308 300]
 [309 309]
 [310 247]
 [310 247]
 [309 318]
 [309 335]
 [309 335]
 [311 244]
 [310 372]
 [312 258]
 [312 266]
 [312 276]
 [312 280]
 [312 286]
 [313 309]
 [313 309]
 [326  98]
 [315 356]
 [316 148]
 [318 237]
 [320 151]
 [320 288]
 [327  13]
 [326 225]
 [333   6]
 [327 312]
 [329 372]
 [393  48]
 [393  48]
 [396 310]
 [410 324]
 [411 287]
 [411 287]
 [421  21]
 [426 339]
 [438 130]
 [430 305]
 [431 202]
 [432 200]
 [432 200]
 [432 221]
 [434 298]
 [436 207]
 [447 119]
 [445 276]
 [446 298]
 [450 200]
 [450 307]
 [451 318]
 [457 251]
 [459 254]
 [476 251]
 [477 268]
 [476 351]
 [478 296]
 [478 296]
 [480 265]
 [481 277]
 [482 288]
 [492 269]
 [493 277]]